17
1
21
10
22
18
7
0
6
17
14
25
34
17
27
8
27
12
23
11
17
13
13
13
8
23
15
4
36
18
1
28
24
16
8
26
35
5
6
22
13
21
0
25
28
17
2
1
30
1
15
10
9
23
7
26
23
13
13
2
22
23
20
2
23
8
1
35
11
5
31
18
1
9
7
7
11
22
14
27
30
12
30
13
4
22
11
34
36
7
34
27
26
19
28
6
30
11
3
19
32
5
30
31
14
10
5
11
19
27
15
10
11
24
20
31
7
32
14
29
33
32
28
36
4
8
10
10
12
3
2
6
19
33
11
12
14
20
1
25
33
25
30
29
20
17
31
31
35
27
12
28
21
0
8
18
36
24
33
3
29
6
21
9
6
34
4
17
3
31
12
8
7
5
20
22
28
4
14
10
0
7
6
32
9
11
32
24
15
28
23
35
36
19
19
36
12
24
35
29
33
15
23
21
22
19
25
4
34
18
31
26
13
20
33
12
11
31
34
20
18
29
24
30
4
5
10
1
32
3
31
34
3
6
30
12
17
9
4
23
32
1
27
13
21
18
7
36
14
5
4
35
10
25
22
31
12
17
36
6
3
35
16
1
12
10
5
5
20
19
9
34
8
29
2
22
3
33
11
29
32
18
34
0
12
33
14
22
17
15
10
31
1
11
17
36
26
12
12
10
22
27
5
20
24
22
1
22
21
14
10
16
4
36
5
20
2
10
9
12
27
34
2
15
32
19
2
19
35
1
36
31
20
23
18
18
9
1
31
25
29
23
18
36
19
8
35
36
33
24
19
6
2
21
31
29
33
12
11
8
2
20
8
6
32
26
28
17
36
31
14
6
12
8
36
15
15
31
20
34
10
17
20
12
18
11
17
26
14
28
11
31
17
6
25
4
17
18
15
30
17
5
25
11
35
6
25
31
18
5
33
30
30
25
15
16
33
34
16
0
5
9
24
2
6
20
34
2
5
29
17
17
19
17
28
23
13
16
19
8
29
9
24
36
19
10
14
36
30
34
1
15
27
30
18
1
30
28
3
4
23
26
7
0
21
27
11
32
19
9
20
36
36
6
5
22
7
29
5
18
34
1
20
30
12
6
14
2
19
29
1
21
8
7
34
29
22
6
2
29